0
table:ARIMA_Sleepiness-0
 変数の数	平均	1	2	3	4	5	6	7	8	9
 ARIMA	0.3076501898367987	0.308	0.308	0.308	0.308	0.308	0.308	0.308	0.308	0.308
------------------------
1
table:ARIMA_Sleepiness-1
 変数の数	平均	1	2	3	4	5	6	7	8	9
 ARIMA	0.0	0.000	0.000	0.000	0.000	0.000	0.000	0.000	0.000	0.000
------------------------
2
table:ARIMA_Sleepiness-2
 変数の数	平均	1	2	3	4	5	6	7	8	9
 ARIMA	0.1250240172467141	0.125	0.125	0.125	0.125	0.125	0.125	0.125	0.125	0.125
------------------------
3
table:ARIMA_Sleepiness-3
 変数の数	平均	1	2	3	4	5	6	7	8	9
 ARIMA	0.0	0.000	0.000	0.000	0.000	0.000	0.000	0.000	0.000	0.000
------------------------
4
table:ARIMA_Sleepiness-4
 変数の数	平均	1	2	3	4	5	6	7	8	9
 ARIMA	0.23264578616199694	0.233	0.233	0.233	0.233	0.233	0.233	0.233	0.233	0.233
------------------------
5
table:ARIMA_Sleepiness-5
 変数の数	平均	1	2	3	4	5	6	7	8	9
 ARIMA	0.26130150065867	0.261	0.261	0.261	0.261	0.261	0.261	0.261	0.261	0.261
------------------------
6
table:ARIMA_Sleepiness-6
 変数の数	平均	1	2	3	4	5	6	7	8	9
 ARIMA	0.38509829531684286	0.385	0.385	0.385	0.385	0.385	0.385	0.385	0.385	0.385
------------------------
7
table:ARIMA_Sleepiness-7
 変数の数	平均	1	2	3	4	5	6	7	8	9
 ARIMA	0.637414338416104	0.637	0.637	0.637	0.637	0.637	0.637	0.637	0.637	0.637
------------------------
8
table:ARIMA_Sleepiness-8
 変数の数	平均	1	2	3	4	5	6	7	8	9
 ARIMA	0.23523343301677732	0.235	0.235	0.235	0.235	0.235	0.235	0.235	0.235	0.235
------------------------
9
table:ARIMA_Sleepiness-9
 変数の数	平均	1	2	3	4	5	6	7	8	9
 ARIMA	0.511469021164515	0.511	0.511	0.511	0.511	0.511	0.511	0.511	0.511	0.511
------------------------
10
table:ARIMA_Sleepiness-10
 変数の数	平均	1	2	3	4	5	6	7	8	9
 ARIMA	0.1318678362156599	0.132	0.132	0.132	0.132	0.132	0.132	0.132	0.132	0.132
------------------------
11
table:ARIMA_Sleepiness-11
 変数の数	平均	1	2	3	4	5	6	7	8	9
 ARIMA	0.13550490661382836	0.136	0.136	0.136	0.136	0.136	0.136	0.136	0.136	0.136
------------------------
12
table:ARIMA_Sleepiness-12
 変数の数	平均	1	2	3	4	5	6	7	8	9
 ARIMA	0.5020677297677801	0.502	0.502	0.502	0.502	0.502	0.502	0.502	0.502	0.502
------------------------
13
table:ARIMA_Sleepiness-13
 変数の数	平均	1	2	3	4	5	6	7	8	9
 ARIMA	0.005727473001256247	0.006	0.006	0.006	0.006	0.006	0.006	0.006	0.006	0.006
------------------------
14
table:ARIMA_Sleepiness-14
 変数の数	平均	1	2	3	4	5	6	7	8	9
 ARIMA	1.3798026729982695e-18	0.000	0.000	0.000	0.000	0.000	0.000	0.000	0.000	0.000
------------------------
15
table:ARIMA_Sleepiness-15
 変数の数	平均	1	2	3	4	5	6	7	8	9
 ARIMA	0.10110015439446483	0.101	0.101	0.101	0.101	0.101	0.101	0.101	0.101	0.101
------------------------
