0
table:ARIMA_oss-0
 変数の数	平均	1	2	3	4	5	6	7	8	9
 ARIMA	0.2673453073156865	0.267	0.267	0.267	0.267	0.267	0.267	0.267	0.267	0.267
------------------------
1
table:ARIMA_oss-1
 変数の数	平均	1	2	3	4	5	6	7	8	9
 ARIMA	0.13615373564892713	0.136	0.136	0.136	0.136	0.136	0.136	0.136	0.136	0.136
------------------------
2
table:ARIMA_oss-2
 変数の数	平均	1	2	3	4	5	6	7	8	9
 ARIMA	0.16461080397533617	0.165	0.165	0.165	0.165	0.165	0.165	0.165	0.165	0.165
------------------------
3
table:ARIMA_oss-3
 変数の数	平均	1	2	3	4	5	6	7	8	9
 ARIMA	0.10991002475812409	0.110	0.110	0.110	0.110	0.110	0.110	0.110	0.110	0.110
------------------------
4
table:ARIMA_oss-4
 変数の数	平均	1	2	3	4	5	6	7	8	9
 ARIMA	0.1409359669290415	0.141	0.141	0.141	0.141	0.141	0.141	0.141	0.141	0.141
------------------------
5
table:ARIMA_oss-5
 変数の数	平均	1	2	3	4	5	6	7	8	9
 ARIMA	0.13444635772636332	0.134	0.134	0.134	0.134	0.134	0.134	0.134	0.134	0.134
------------------------
6
table:ARIMA_oss-6
 変数の数	平均	1	2	3	4	5	6	7	8	9
 ARIMA	0.29452702518430574	0.295	0.295	0.295	0.295	0.295	0.295	0.295	0.295	0.295
------------------------
7
table:ARIMA_oss-7
 変数の数	平均	1	2	3	4	5	6	7	8	9
 ARIMA	0.4058237231096666	0.406	0.406	0.406	0.406	0.406	0.406	0.406	0.406	0.406
------------------------
8
table:ARIMA_oss-8
 変数の数	平均	1	2	3	4	5	6	7	8	9
 ARIMA	0.28845622748380684	0.288	0.288	0.288	0.288	0.288	0.288	0.288	0.288	0.288
------------------------
9
table:ARIMA_oss-9
 変数の数	平均	1	2	3	4	5	6	7	8	9
 ARIMA	0.2855519721528395	0.286	0.286	0.286	0.286	0.286	0.286	0.286	0.286	0.286
------------------------
10
table:ARIMA_oss-10
 変数の数	平均	1	2	3	4	5	6	7	8	9
 ARIMA	0.17632267246048844	0.176	0.176	0.176	0.176	0.176	0.176	0.176	0.176	0.176
------------------------
11
table:ARIMA_oss-11
 変数の数	平均	1	2	3	4	5	6	7	8	9
 ARIMA	0.09128282031981289	0.091	0.091	0.091	0.091	0.091	0.091	0.091	0.091	0.091
------------------------
12
table:ARIMA_oss-12
 変数の数	平均	1	2	3	4	5	6	7	8	9
 ARIMA	0.23309186542775415	0.233	0.233	0.233	0.233	0.233	0.233	0.233	0.233	0.233
------------------------
13
table:ARIMA_oss-13
 変数の数	平均	1	2	3	4	5	6	7	8	9
 ARIMA	0.15588841763037392	0.156	0.156	0.156	0.156	0.156	0.156	0.156	0.156	0.156
------------------------
14
table:ARIMA_oss-14
 変数の数	平均	1	2	3	4	5	6	7	8	9
 ARIMA	0.12288023158419091	0.123	0.123	0.123	0.123	0.123	0.123	0.123	0.123	0.123
------------------------
15
table:ARIMA_oss-15
 変数の数	平均	1	2	3	4	5	6	7	8	9
 ARIMA	0.20645114216671967	0.206	0.206	0.206	0.206	0.206	0.206	0.206	0.206	0.206
------------------------
